1111111111111111111111111111111111111111111111111
1111111111111111111111111111111111111111111111111
1111111111111111111111111111111111111111111111111
1111111111111112000111111111111111111111111111111
1111111111111110007111111111111111111111111111111
1111111111111116605311111111111111111111111111111
1111111111111111133311111111111111111111111111111
1111111111111111111111111111111111111111111111111
1111111111111111114111111111111111111111111111111
1111111111111111111111111111111111111111111111111
1111111111111111111111111111111111111111111111111
1111111111111111111111111111111111111111111111111
1111111111111111111111111111111111111111111111111
1111111111111111111111111111111111111111111111111
1111111111111111111111111111111111111111111111111
1111111111111111111111111111111111111111111111111
1111111111111111111111111111111111111111111111111
1111111111111111111111111111111111111111111111111
1111111111111111111111111111111111111111111111111
1111111111111111111111111111111111111111111111111
1111111111111111111111111111111111111111111111111
1111111111111111111111111111111111111111111111111
1111111111111111111111111111111111111111111111111
1111111111111111111111111111111111111111111111111
1111111111111111111111111111111111111111111111111
1111111111111111111111111111111111111111111111111
1111111111111111111111111111111111111111111111111